 Program ETGTAB, version 3.0 180219 FORTRAN 77.

 Computation of model tides from tidal potential development


 First call of routine GEOEXT, version 930418 FTN77.

 ***** Warning from routine ETMUTC, version 180219.
 ***** Epoch exceeds the last tabulated value:2017.00000
 ***** DDT of last tabulated epoch is used.
 ***** Please try to update tabels in routine ETMUTC.

 FILE                   : ETCPOT                                                 
 Program ETGTAB, version 3.0 1802FORTRAN 77


 Gravimetric tides for Black Forest Observatory                                 
 Parameters from LaCoste Romberg G249F                                          
  120 days (8.12.1988 - 11.4.1989)                                              
                                                                                
                                                                                
                                                                                
                                                                                
                                                                                
                                                                                
                                                                                



 Wave groups and observed tidal parameters

  no. from   to ampl.fac. phase lead        ampl.  WD body 
                              [deg]

    1    1  281    1.1500    0.0000 LONG      147.5250    1.1713
    2  282  424    1.1429   -0.3299 Q1         59.4635    1.1539
    3  425  482    1.1464    0.0791 O1        310.5757    1.1537
    4  483  530    1.1537    0.0583 M1         24.4258    1.1531
    5  531  585    1.1349    0.3174 P1K1      436.7952    1.1327
    6  586  626    1.1537   -0.0078 J1         24.4251    1.1557
    7  627  731    1.1538   -0.0531 OO1        13.3609    1.1550
    8  732  830    1.1560    2.5999 2N2        11.5635    1.1579
    9  831  880    1.1761    2.5446 N2         72.4099    1.1579
   10  881  936    1.1840    2.0816 M2        378.1989    1.1579
   11  937  975    1.1906    0.1735 L2         10.6898    1.1579
   12  976 1108    1.1865    0.6230 S2K2      175.9580    1.1579
   13 1109 1190    1.0584   -0.0814 M3          5.2805    1.0699
   14 1191 1200    0.5777   92.2440 M4          0.0683    1.0352

 Routine GEOEXT. Execution time=     0.016 sec





 Program ETGTAB, version 3.0 1802 FORTRAN 77

 Component Gravity                  IN  nm/s**2 

    Date in UT


 2020 02 29 01 00 00    43.296    34.804    26.752    19.159    12.044     5.425
 2020 02 29 01 30 00    -0.682    -6.260   -11.296   -15.775   -19.685   -23.015
 2020 02 29 02 00 00   -25.755   -27.895   -29.428   -30.348   -30.648   -30.324
 2020 02 29 02 30 00   -29.375   -27.797   -25.590   -22.755   -19.294   -15.211
 2020 02 29 03 00 00   -10.508    -5.193     0.730     7.250    14.360    22.049
 2020 02 29 03 30 00    30.307    39.120    48.475    58.357    68.752    79.642
 2020 02 29 04 00 00    91.010   102.838   115.106   127.794   140.881   154.345
 2020 02 29 04 30 00   168.164   182.314   196.772   211.513   226.511   241.741
 2020 02 29 05 00 00   257.178   272.793   288.561   304.454   320.444   336.503
 2020 02 29 05 30 00   352.604   368.717   384.814   400.867   416.847   432.726
 2020 02 29 06 00 00   448.475   464.067   479.472   494.663   509.612   524.293
 2020 02 29 06 30 00   538.677   552.739   566.453   579.792   592.732   605.248
 2020 02 29 07 00 00   617.316   628.914   640.018   650.607   660.660   670.156
 2020 02 29 07 30 00   679.077   687.403   695.118   702.204   708.647   714.430
 2020 02 29 08 00 00   719.542   723.968   727.698   730.721   733.028   734.610
 2020 02 29 08 30 00   735.460   735.573   734.944   733.569   731.445   728.571
 2020 02 29 09 00 00   724.948   720.576   715.458   709.597   702.998   695.666
 2020 02 29 09 30 00   687.609   678.834   669.352   659.172   648.307   636.768
 2020 02 29 10 00 00   624.570   611.727   598.256   584.173   569.495   554.243
 2020 02 29 10 30 00   538.435   522.092   505.236   487.890   470.075   451.817
 2020 02 29 11 00 00   433.140   414.069   394.631   374.852   354.758   334.379
 2020 02 29 11 30 00   313.742   292.875   271.808   250.569   229.190   207.698
 2020 02 29 12 00 00   186.125   164.501   142.856   121.219    99.623    78.096
 2020 02 29 12 30 00    56.668    35.371    14.234    -6.715   -27.445   -47.928
 2020 02 29 13 00 00   -68.135   -88.039  -107.611  -126.826  -145.656  -164.075
 2020 02 29 13 30 00  -182.060  -199.585  -216.627  -233.163  -249.171  -264.631
 2020 02 29 14 00 00  -279.521  -293.824  -307.520  -320.592  -333.025  -344.802
 2020 02 29 14 30 00  -355.911  -366.338  -376.072  -385.101  -393.416  -401.010
 2020 02 29 15 00 00  -407.874  -414.003  -419.393  -424.039  -427.940  -431.094
 2020 02 29 15 30 00  -433.502  -435.165  -436.085  -436.267  -435.716  -434.437
 2020 02 29 16 00 00  -432.438  -429.728  -426.316  -422.213  -417.430  -411.981
 2020 02 29 16 30 00  -405.880  -399.141  -391.780  -383.815  -375.262  -366.142
 2020 02 29 17 00 00  -356.472  -346.273  -335.567  -324.376  -312.720  -300.624
 2020 02 29 17 30 00  -288.112  -275.207  -261.934  -248.318  -234.384  -220.159
 2020 02 29 18 00 00  -205.669  -190.940  -175.998  -160.870  -145.584  -130.165
 2020 02 29 18 30 00  -114.641   -99.038   -83.384   -67.704   -52.024   -36.372
 2020 02 29 19 00 00   -20.772    -5.250    10.168    25.460    40.600    55.566
 2020 02 29 19 30 00    70.333    84.881    99.187   113.231   126.992   140.450
 2020 02 29 20 00 00   153.588   166.388   178.832   190.904   202.590   213.875
 2020 02 29 20 30 00   224.746   235.190   245.197   254.756   263.859   272.496
 2020 02 29 21 00 00   280.660   288.347   295.549   302.265   308.490   314.223
 2020 02 29 21 30 00   319.463   324.211   328.467   332.234   335.515   338.315
 2020 02 29 22 00 00   340.639   342.494   343.886   344.824   345.316   345.374
 2020 02 29 22 30 00   345.008   344.229   343.050   341.484   339.546   337.249
 2020 02 29 23 00 00   334.609   331.643   328.366   324.796   320.951   316.848
 2020 02 29 23 30 00   312.506   307.944   303.181   298.238   293.133   287.886
 2020 03 01 00 00 00   282.519   277.052   271.504   265.897   260.250   254.585
 2020 03 01 00 30 00   248.923   243.282   237.684   232.148   226.694   221.342
 2020 03 01 01 00 00   216.110   211.017   206.082   201.323   196.757   192.400
 2020 03 01 01 30 00   188.270   184.382   180.752   177.393   174.321   171.548
 2020 03 01 02 00 00   169.087   166.949   165.147   163.690   162.587   161.848
 2020 03 01 02 30 00   161.481   161.492   161.889   162.675   163.856   165.436
 2020 03 01 03 00 00   167.417   169.802   172.590   175.783   179.380   183.379
 2020 03 01 03 30 00   187.778   192.573   197.760   203.334   209.289   215.619
 2020 03 01 04 00 00   222.315   229.370   236.775   244.518   252.591   260.981
 2020 03 01 04 30 00   269.677   278.665   287.932   297.464   307.247   317.265
 2020 03 01 05 00 00   327.502   337.942   348.568   359.362   370.307   381.385
 2020 03 01 05 30 00   392.577   403.864   415.227   426.646   438.102   449.574
 2020 03 01 06 00 00   461.042   472.486   483.886   495.221   506.469   517.612
 2020 03 01 06 30 00   528.628   539.496   550.196   560.708   571.012   581.088
 2020 03 01 07 00 00   590.915   600.475   609.748   618.715   627.358   635.659
 2020 03 01 07 30 00   643.599   651.162   658.330   665.088   671.419   677.309
 2020 03 01 08 00 00   682.742   687.704   692.182   696.162   699.634   702.585
 2020 03 01 08 30 00   705.004   706.882   708.209   708.976   709.176   708.801
 2020 03 01 09 00 00   707.846   706.305   704.174   701.448   698.125   694.203
 2020 03 01 09 30 00   689.681   684.558   678.835   672.513   665.594   658.082
 2020 03 01 10 00 00   649.981   641.295   632.031   622.194   611.792   600.834
 2020 03 01 10 30 00   589.329   577.286   564.715   551.630   538.041   523.963
 2020 03 01 11 00 00   509.407   494.390   478.927   463.032   446.724   430.018
 2020 03 01 11 30 00   412.933   395.488   377.701   359.591   341.179   322.485
 2020 03 01 12 00 00   303.531   284.337   264.926   245.319   225.539   205.610
 2020 03 01 12 30 00   185.553   165.392   145.152   124.854   104.524    84.185
 2020 03 01 13 00 00    63.861    43.575    23.353     3.217   -16.808   -36.699
 2020 03 01 13 30 00   -56.432   -75.985   -95.333  -114.455  -133.327  -151.928
 2020 03 01 14 00 00  -170.236  -188.230  -205.887  -223.189  -240.115  -256.646
 2020 03 01 14 30 00  -272.762  -288.447  -303.681  -318.448  -332.732  -346.517
 2020 03 01 15 00 00  -359.789  -372.533  -384.735  -396.384  -407.467  -417.974
 2020 03 01 15 30 00  -427.895  -437.220  -445.941  -454.050  -461.542  -468.409
 2020 03 01 16 00 00  -474.649  -480.256  -485.227  -489.562  -493.258  -496.315
 2020 03 01 16 30 00  -498.735  -500.518  -501.668  -502.187  -502.081  -501.354
 2020 03 01 17 00 00  -500.012  -498.063  -495.513  -492.372  -488.649  -484.354
 2020 03 01 17 30 00  -479.498  -474.093  -468.150  -461.684  -454.707  -447.234
 2020 03 01 18 00 00  -439.279  -430.859  -421.989  -412.686  -402.967  -392.849
 2020 03 01 18 30 00  -382.350  -371.489  -360.283  -348.752  -336.916  -324.793
 2020 03 01 19 00 00  -312.402  -299.765  -286.900  -273.828  -260.569  -247.142
 2020 03 01 19 30 00  -233.569  -219.868  -206.059  -192.163  -178.199  -164.187
 2020 03 01 20 00 00  -150.145  -136.092  -122.048  -108.030   -94.057   -80.145
 2020 03 01 20 30 00   -66.313   -52.576   -38.952   -25.455   -12.101     1.095
 2020 03 01 21 00 00    14.120    26.959    39.599    52.029    64.237    76.211
 2020 03 01 21 30 00    87.942    99.419   110.634   121.577   132.243   142.623
 2020 03 01 22 00 00   152.712   162.503   171.993   181.177   190.052   198.614
 2020 03 01 22 30 00   206.864   214.798   222.417   229.720   236.709   243.385
 2020 03 01 23 00 00   249.750   255.808   261.560   267.012   272.168   277.034
 2020 03 01 23 30 00   281.615   285.916   289.946   293.712   297.221   300.481
 2020 03 02 00 00 00   303.501   306.290   308.858   311.214   313.369   315.332
 2020 03 02 00 30 00   317.115   318.727   320.181   321.488   322.659   323.705
 2020 03 02 01 00 00   324.638   325.471   326.214   326.880   327.480   328.026
 2020 03 02 01 30 00   328.530   329.004   329.458   329.905   330.355   330.820
 2020 03 02 02 00 00   331.310   331.836   332.408   333.036   333.730   334.500
 2020 03 02 02 30 00   335.355   336.302   337.352   338.510   339.787   341.187
 2020 03 02 03 00 00   342.719   344.388   346.200   348.161   350.276   352.548
 2020 03 02 03 30 00   354.983   357.582   360.350   363.289   366.400   369.685
 2020 03 02 04 00 00   373.145   376.780   380.590   384.575   388.733   393.062
 2020 03 02 04 30 00   397.560   402.225   407.053   412.041   417.184   422.478
 2020 03 02 05 00 00   427.918   433.498   439.211   445.052   451.014   457.089
 2020 03 02 05 30 00   463.270   469.548   475.915   482.362   488.880   495.460
 2020 03 02 06 00 00   502.091   508.763   515.467   522.191   528.924   535.655
 2020 03 02 06 30 00   542.374   549.067   555.725   562.334   568.882   575.358
 2020 03 02 07 00 00   581.749   588.043   594.227   600.289   606.217   611.997
 2020 03 02 07 30 00   617.618   623.067   628.332   633.400   638.259   642.897
 2020 03 02 08 00 00   647.302   651.462   655.366   659.001   662.357   665.422
 2020 03 02 08 30 00   668.186   670.639   672.768   674.566   676.021   677.125
 2020 03 02 09 00 00   677.869   678.243   678.240   677.851   677.068   675.886
 2020 03 02 09 30 00   674.296   672.293   669.871   667.024   663.747   660.036



 ***** Program ETGTAB finished execution.


 Routine GEOEXT. Execution time=     0.047 sec

